2 0
3 1
4 0
6 0
7 0
8 0
9 0
10 1
13 0
15 0
16 1
17 0
18 0
19 0
20 0
21 0
22 0
23 0
24 1
25 0
26 1
27 0
28 1
29 0
30 0
31 0
32 0
33 0
34 0
35 0
36 0
37 0
38 1
39 1
40 0
41 0
42 0
43 0
45 1
46 0
47 1
48 0
49 1
50 1
51 0
52 0
53 0
54 0
55 0
56 0
57 0
58 0
59 1
60 0
62 0
63 0
64 0
65 1
66 0
67 1
69 1
70 0
71 0
72 0
74 0
75 0
76 0
77 0
78 0
79 0
80 0
81 1
82 1
83 0
84 1
85 0
86 1
87 0
88 0
89 0
90 0
91 0
92 0
93 0
94 1
95 0
109 1
115 1
116 0
117 0
120 0
121 0
126 1
169 0
172 0
177 0
194 1
201 0
207 0
243 0
