3 1
4 1
5 1
7 1
14 1
17 1
19 1
22 0
24 0
27 1
29 1
30 1
31 1
33 0
36 0
37 1
39 1
40 0
41 0
42 0
43 0
45 0
47 1
48 1
50 0
53 1
57 0
58 0
61 0
63 0
64 0
65 0
66 0
67 0
68 0
69 0
70 0
71 0
72 0
73 0
74 0
75 0
76 0
77 0
78 0
79 0
80 0
81 0
82 0
83 0
84 0
85 0
86 0
87 0
88 0
89 0
90 0
91 0
92 0
93 0
94 0
95 0
96 0
97 0
98 0
99 0
100 0
101 0
102 0
103 0
104 0
105 0
106 0
107 0
108 0
109 0
110 0
111 0
112 0
113 0
114 0
115 0
116 0
117 0
118 0
119 0
120 0
121 0
122 0
123 0
124 0
125 0
126 0
127 0
128 0
129 0
130 0
131 0
132 0
133 0
134 0
135 0
136 1
137 0
139 0
140 0
141 0
142 1
143 0
144 0
145 0
146 0
147 0
148 0
149 0
150 0
151 0
157 0
158 0
159 0
160 0
161 0
162 0
163 1
164 0
166 0
167 0
179 0
181 0
198 0
199 0
205 0
209 0
212 0
215 0
233 0
234 0
239 0
240 0
241 0
257 0
258 0
259 0
260 0
261 0
263 0
264 0
265 0
266 0
267 0
268 0
269 0
270 0
271 0
272 0
273 0
274 0
275 0
276 0
277 0
278 0
279 0
280 0
281 0
282 0
283 0
284 0
285 0
286 0
287 0
288 0
289 0
290 0
291 0
292 0
293 0
294 0
295 0
296 0
297 0
298 0
299 0
300 0
301 0
302 0
303 0
304 0
305 0
306 0
307 0
308 0
309 0
310 0
311 0
312 0
313 0
314 0
315 0
316 0
317 0
318 0
319 0
320 0
321 0
322 0
323 0
324 0
325 0
326 0
327 0
328 0
329 0
330 0
331 0
332 0
333 0
334 0
335 0
336 0
337 0
338 0
339 0
340 0
341 0
342 0
343 0
344 0
345 0
346 0
347 0
348 0
350 0
351 0
352 0
353 0
354 0
355 0
356 0
357 0
358 0
359 0
361 0
363 0
364 0
368 0
369 1
370 0
371 1
372 1
373 0
374 0
375 0
376 0
377 1
378 0
379 1
380 0
381 1
382 0
383 1
385 1
386 1
388 1
390 0
391 0
392 1
394 1
397 0
399 0
400 1
401 1
402 0
403 0
404 0
405 0
407 0
408 0
409 0
410 0
412 0
413 0
416 0
417 0
419 0
420 1
422 0
423 0
424 0
425 0
426 0
427 0
429 0
430 0
431 0
432 1
434 0
435 0
436 0
437 0
438 0
439 0
441 0
442 0
443 0
444 0
445 0
446 0
447 0
448 0
450 0
451 0
452 0
453 0
455 0
456 0
457 0
458 0
459 0
460 0
461 0
462 0
463 0
464 0
465 0
466 0
467 0
468 0
469 0
470 0
471 0
472 0
473 0
475 0
476 0
477 0
478 0
479 0
480 0
481 0
482 0
483 0
484 1
485 1
486 0
487 1
488 1
489 1
490 0
491 0
492 0
493 1
494 1
495 1
496 0
497 1
498 0
501 0
502 0
503 0
504 0
505 0
506 0
507 0
508 0
509 0
510 0
511 0
512 0
513 0
514 0
515 0
516 0
517 0
518 0
519 0
520 0
521 0
522 0
523 0
524 0
525 0
526 0
527 0
528 0
530 0
531 0
532 0
533 0
534 0
535 0
536 0
537 0
538 0
539 0
540 0
541 0
542 0
543 0
548 0
549 0
554 0
556 0
557 0
559 0
560 0
561 1
562 0
564 0
566 1
567 1
568 1
569 0
570 1
571 0
574 1
577 0
578 0
579 1
581 1
582 1
583 1
584 1
585 0
586 1
587 1
588 1
590 1
592 1
593 1
594 1
595 1
596 1
597 1
599 1
601 0
602 0
606 1
607 1
608 0
609 0
610 1
611 1
612 1
613 0
614 1
615 1
616 0
617 0
618 1
619 0
620 0
621 1
622 1
623 1
624 0
625 0
626 1
627 0
628 0
629 0
630 0
631 0
632 0
633 0
634 0
636 1
637 1
638 1
639 0
641 0
642 1
645 1
646 0
647 1
648 0
649 0
650 0
651 0
652 0
653 0
654 0
655 0
656 0
657 0
658 0
659 0
662 0
663 0
664 0
665 0
668 0
669 0
670 0
671 0
672 0
674 0
676 0
677 0
678 0
679 0
680 0
681 0
682 0
683 0
684 0
685 0
686 0
687 0
688 0
689 0
690 0
691 0
692 0
693 0
694 0
695 0
696 0
697 0
698 0
699 0
700 0
701 0
702 0
703 0
704 0
705 0
706 0
707 0
708 0
709 0
710 0
711 0
712 0
713 0
714 0
715 0
716 0
717 0
718 0
719 0
720 0
721 0
722 0
724 0
725 0
726 0
727 0
728 0
729 0
730 0
731 0
732 0
733 0
734 0
735 0
736 0
737 0
738 0
739 0
740 0
741 0
742 0
743 0
744 0
745 0
746 0
747 0
748 0
749 0
750 0
751 0
752 0
753 0
754 0
755 0
756 0
757 0
758 0
759 0
760 0
761 0
762 0
763 0
764 0
765 0
766 0
767 0
768 0
769 0
770 0
771 0
772 0
773 0
774 0
775 0
776 0
777 0
778 0
779 0
780 0
781 0
782 0
783 0
784 0
785 0
786 0
787 0
788 0
789 0
790 0
791 0
792 0
793 0
794 0
795 0
796 0
797 0
798 0
799 0
800 0
801 0
802 0
803 0
804 0
805 0
806 0
807 0
808 0
809 0
810 0
811 0
812 0
813 0
814 0
815 0
816 0
818 0
819 0
820 0
821 0
822 0
823 0
824 0
825 0
826 0
827 0
832 0
833 0
834 0
835 0
836 0
837 0
838 1
839 1
840 0
841 0
842 0
843 0
844 0
845 1
847 0
848 0
849 0
853 0
854 0
861 0
862 0
863 1
864 0
865 0
866 0
867 0
870 0
871 0
872 0
873 0
874 0
875 0
876 0
877 0
878 0
879 0
880 0
881 1
