1 1
2 0
5 0
8 1
11 0
29 1
31 1
33 1
36 1
41 0
45 0
57 0
60 1
67 1
98 0
114 1
153 0
168 1
169 0
189 1
193 0
194 1
195 1
196 1
197 1
198 0
207 1
214 1
244 1
245 1
248 1
250 1
253 1
261 0
263 1
264 1
281 0
289 0
300 0
301 0
302 0
303 0
305 0
307 0
310 0
315 0
316 0
317 0
332 0
336 0
340 0
341 0
342 0
348 0
364 0
365 0
368 0
371 0
374 0
378 0
379 0
380 0
381 0
382 0
383 0
384 0
385 0
386 0
387 0
388 0
390 0
391 0
392 0
395 0
402 0
403 0
405 0
406 0
407 0
408 0
412 0
416 0
421 0
422 0
424 0
425 0
426 0
427 0
428 0
433 0
438 0
441 0
442 0
443 0
444 0
445 0
448 0
449 0
451 0
452 0
453 0
455 0
456 0
457 0
458 1
459 0
461 1
466 0
467 0
469 1
470 0
471 0
472 0
473 1
474 1
475 1
476 0
477 1
478 1
479 1
532 1
533 0
536 1
537 1
538 1
539 1
540 0
541 0
555 0
581 0
591 0
596 0
623 0
632 0
633 0
666 0
668 0
669 0
687 0
688 0
689 0
690 0
692 0
702 0
703 1
706 1
707 0
708 0
709 1
710 0
711 1
712 0
713 0
714 1
715 0
716 1
719 0
720 0
884 0
887 1
891 1
892 1
893 1
895 0
896 1
897 0
898 0
899 0
900 0
901 0
902 0
903 1
905 0
906 0
907 0
908 0
909 0
910 0
911 0
912 0
913 1
914 0
917 1
918 0
921 0
922 0
923 0
924 1
926 1
928 1
929 0
930 1
932 0
933 1
937 1
938 1
939 1
940 1
941 1
