1 1
2 1
3 1
4 1
6 1
9 1
10 1
11 1
12 1
13 1
14 1
15 1
16 0
17 1
18 0
19 0
20 0
21 0
22 0
23 1
24 0
25 0
26 1
27 1
28 1
29 1
31 1
33 1
34 1
35 1
36 0
37 1
38 1
39 1
41 1
42 1
43 1
44 0
45 1
46 1
47 1
48 1
49 1
50 1
51 1
52 1
53 1
54 1
55 1
56 1
57 1
58 1
59 1
60 1
61 1
62 0
63 0
64 1
66 0
68 0
69 1
70 0
71 1
72 1
73 1
74 1
75 1
76 1
77 1
78 1
79 1
80 0
81 1
82 1
83 1
84 1
85 1
86 1
88 1
89 1
90 1
91 1
92 1
93 1
94 1
95 1
96 1
97 1
98 1
99 0
100 1
101 1
102 1
103 1
104 0
105 0
106 1
107 1
108 1
109 1
110 1
112 1
114 1
115 1
116 1
117 1
119 1
120 0
121 1
122 0
123 0
124 1
125 1
126 1
127 0
128 0
129 1
130 0
131 0
132 1
133 1
134 0
135 1
136 1
137 0
138 1
139 1
140 0
141 1
142 1
143 1
144 1
145 1
146 1
147 1
148 1
149 1
150 1
151 0
152 1
153 1
154 1
155 0
156 1
157 1
159 1
160 1
161 1
162 1
163 0
164 1
165 1
166 1
167 1
168 1
169 1
170 1
171 1
172 1
173 1
174 1
175 1
176 1
177 1
179 0
180 1
181 0
183 0
184 0
188 0
189 0
191 0
193 0
195 0
196 0
197 0
198 0
200 0
203 0
257 0
258 0
305 0
307 0
368 0
369 0
370 0
371 0
372 0
373 1
374 0
375 0
376 1
406 0
407 0
409 0
454 0
456 0
471 0
474 0
556 1
