0 0
1 0
2 0
3 0
4 0
5 0
6 0
7 1
8 1
9 0
10 0
11 0
12 1
13 1
14 0
15 0
16 1
17 0
18 1
19 0
20 0
21 0
22 0
23 1
24 0
25 1
26 0
27 1
28 0
29 0
30 0
31 0
32 0
33 0
34 0
35 1
36 1
37 0
38 1
39 1
40 1
41 1
42 1
43 1
44 1
45 1
46 1
47 1
48 1
49 1
50 1
51 1
52 0
53 1
54 1
55 1
56 1
57 1
58 1
59 1
60 0
61 1
62 1
63 1
64 1
65 0
66 1
67 1
68 1
69 0
70 1
71 0
72 0
73 0
74 0
75 1
76 0
77 1
78 0
79 0
80 0
81 0
82 0
83 0
84 0
85 1
86 0
87 0
88 0
89 0
90 0
91 0
92 0
93 0
94 0
95 0
96 0
97 0
98 0
99 0
100 0
101 0
102 0
103 0
104 0
105 0
106 0
107 0
108 0
109 0
110 0
111 0
112 0
113 0
114 0
115 0
116 0
117 0
118 0
119 0
120 0
121 0
122 0
123 0
124 0
125 0
126 0
127 0
128 0
129 0
130 0
131 0
132 0
133 0
134 0
135 0
136 0
137 0
138 0
139 1
140 1
141 0
142 0
143 0
144 1
145 0
146 0
147 0
148 0
149 0
150 0
151 0
152 0
153 0
154 0
155 0
156 0
157 0
158 0
159 0
160 0
161 0
162 0
163 0
164 0
165 0
166 0
167 0
168 0
169 0
170 0
171 0
172 0
173 0
174 0
175 0
176 0
177 0
178 0
179 0
180 0
181 0
182 0
183 0
184 0
185 0
186 0
187 0
188 0
189 0
190 0
191 0
192 0
193 0
194 0
195 0
196 0
197 0
198 0
199 0
200 0
201 0
202 0
203 0
204 0
205 0
206 0
207 0
208 0
209 0
210 0
211 0
212 0
213 0
214 0
215 0
216 0
217 0
218 0
219 0
220 0
221 0
222 0
223 0
224 0
225 0
226 0
227 0
228 0
229 0
230 0
231 0
232 0
233 0
234 0
235 0
236 0
237 0
238 0
239 0
240 0
241 0
242 0
243 0
244 0
245 0
246 0
247 0
248 0
249 0
250 0
251 0
252 0
253 0
254 0
255 0
256 0
257 0
258 0
259 0
260 0
261 0
262 0
263 0
264 0
265 0
266 0
267 0
268 0
269 0
270 0
271 0
272 0
273 0
274 0
275 0
276 0
277 0
278 0
279 0
280 0
281 0
282 0
283 0
284 0
285 0
286 0
287 0
288 0
289 0
290 0
291 0
292 0
293 0
294 0
295 0
296 0
297 0
298 0
299 0
300 0
301 0
302 0
303 0
304 0
305 0
306 0
307 0
308 0
309 0
310 0
311 0
312 0
313 0
314 0
315 1
316 1
317 1
318 0
319 0
320 1
321 1
322 0
323 0
324 0
325 1
326 1
327 0
328 0
329 1
330 1
331 1
332 1
333 1
334 1
335 0
336 0
337 0
338 1
339 0
340 0
341 0
342 1
343 0
344 0
345 0
346 0
347 0
348 0
349 1
350 0
351 0
352 0
353 0
354 0
355 1
356 0
357 1
358 0
359 1
360 1
361 1
362 0
363 0
364 1
365 1
366 1
367 0
368 1
369 1
370 1
371 1
372 0
373 1
374 1
375 0
376 1
377 1
378 1
379 0
380 0
381 0
382 0
383 0
384 0
385 0
386 0
387 0
388 1
389 1
390 1
391 0
392 0
393 1
394 0
395 0
396 0
397 1
398 0
399 1
400 0
401 0
402 0
403 0
404 1
405 0
406 1
407 1
408 1
409 0
410 0
411 1
412 1
413 0
414 0
415 1
416 0
417 0
418 0
419 1
420 0
421 0
422 1
423 1
424 0
425 1
426 1
427 0
428 0
429 1
430 1
431 1
432 1
433 0
434 1
435 1
436 1
437 1
438 1
439 1
440 0
441 1
442 1
443 0
444 1
445 0
446 0
447 1
448 1
449 0
450 1
451 1
452 0
453 0
454 0
455 0
456 1
457 1
458 1
459 1
460 1
461 1
462 1
463 1
464 0
465 1
466 0
467 1
468 0
469 1
470 1
471 0
472 1
473 0
474 1
475 1
476 1
477 1
478 1
479 0
480 0
481 1
482 1
483 0
484 1
485 0
486 1
487 1
488 1
489 1
490 1
491 1
492 1
493 0
494 0
495 1
496 1
497 1
498 0
499 0
500 0
501 0
502 0
503 1
504 1
505 0
506 1
507 1
508 1
509 0
510 0
511 0
512 0
513 0
514 0
515 0
516 1
517 1
518 1
519 0
520 0
521 1
522 0
523 0
524 1
525 0
526 0
527 0
528 0
529 0
530 0
531 0
532 1
533 1
534 1
535 1
536 1
537 0
538 0
539 1
540 0
541 0
542 0
543 0
544 0
545 1
546 0
547 1
548 0
549 0
550 0
551 0
552 0
553 0
554 0
555 0
556 0
557 0
558 0
559 0
560 0
561 0
562 1
563 0
564 0
565 0
566 0
567 1
568 0
569 1
570 1
